time,x,y,z,phi,theta,psi,x_velocity,y_velocity,z_velocity,phi_velocity,theta_velocity,psi_velocity,rotor_speed1,rotor_speed2,rotor_speed3,rotor_speed4
0.06,-1.00280115791e-06,-7.89391991702e-08,10.0065585772,6.28287660696,0.000648361983062,0.0,-7.92134699953e-05,-1.77894381452e-05,0.218602166525,-0.0181940553788,0.0265459968627,0.0,472.455211462687,474.4970738132368,473.29873707615286,471.89671610698974
0.12000000000000001,-2.58745398564e-05,-1.18589497004e-05,10.0231299599,6.28186753829,0.00244242693515,0.0,-0.000927122606443,-0.000484229374277,0.333749667592,-0.0141985148297,0.0358835909082,0.0,441.6643592997711,442.43397006310886,441.2774464046112,441.6071709586813
0.18,-0.000132764917676,-6.68014105929e-05,10.0435673866,6.2804285548,0.00441536651796,0.0,-0.00282068345375,-0.0014299319805,0.347492955934,-0.0653470252886,0.0260802498959,0.0,409.51609092475786,408.64380359943834,410.6810493889897,406.1189985283026
0.23999999999999996,-0.000405537238279,-0.0002289939798,10.0686667543,6.27628747502,0.00635515489442,0.0,-0.00646348949798,-0.00441098322694,0.489099308804,-0.0776085024639,0.0425628752705,0.0,450.0210636662423,451.35341657437425,449.93218476777884,448.9349319396742
0.3,-0.000911606492066,-0.000627923079739,10.0976469506,6.27140904489,0.00912505292453,0.0,-0.0106335502645,-0.00929271074393,0.476907390855,-0.089973260389,0.0525378346733,0.0,399.4135747556535,400.3236262525672,400.6778028830083,399.5460310561054
0.36000000000000004,-0.00179598254305,-0.00150946051813,10.1339691654,6.26611066055,0.0123410320506,0.0,-0.0192432629703,-0.020759660891,0.733690336686,-0.085167377164,0.0556421930992,0.0,483.30779613318634,483.5433197308104,485.21026833771793,485.5651028014881
0.4200000000000001,-0.00326872890582,-0.00319756746016,10.1848814239,6.26071137963,0.0156126805591,0.0,-0.0302468497193,-0.036141395729,0.963202101026,-0.101975621412,0.0522002046782,0.0,476.3366681678905,476.07518036759905,478.1682783703084,476.8799728202951
0.48000000000000015,-0.00546535404245,-0.00592089483215,10.2485882753,6.25560440983,0.018700132568,0.0,-0.043333096157,-0.0552706467812,1.16015812573,-0.0636534004801,0.049929783902,0.0,468.01563057482286,467.8404612666579,465.98006733108707,468.9595686919109
0.5400000000000001,-0.00855509943147,-0.00995614935945,10.3259669174,6.25125546359,0.0215256584924,0.0,-0.0600192486791,-0.0797258533111,1.41882253708,-0.103076822067,0.0407103773928,0.0,486.9899428921099,486.3010325717531,487.0688829624916,484.10760098693396
0.6000000000000002,-0.0126354204621,-0.015459061109,10.4151974229,6.24556159383,0.0244216615601,0.0,-0.0762778921864,-0.104332532547,1.55532174258,-0.0821870175056,0.0602073682477,0.0,449.96510748138326,451.54190853176357,449.41190036479134,451.0940051153165
0.6600000000000003,-0.0177865997625,-0.0225997247874,10.5137312446,6.24142962515,0.0280555315087,0.0,-0.0958312457584,-0.13418197324,1.72885959457,-0.0505674845203,0.0612690531221,0.0,461.4315849674938,461.51783946219456,461.76814370860984,464.25175463545327
0.7200000000000003,-0.0240562839277,-0.0314158040915,10.6178701547,6.23830685493,0.0316880158472,0.0,-0.113484062679,-0.159960899223,1.74239239472,-0.0551796502713,0.0590455822646,0.0,412.0426542621548,411.84897268857185,412.002901458409,411.592949429382
0.7800000000000004,-0.0314869348796,-0.0418872427542,10.7239458327,6.23511627243,0.0350271977787,0.0,-0.134529271198,-0.189391238468,1.79335578267,-0.0494453191922,0.0478210320397,0.0,424.5274043086073,423.56548044701816,424.6032276238294,425.0928486684561
0.8400000000000004,-0.0403228365836,-0.0542936009286,10.8353176353,6.23235940706,0.0384585150005,0.0,-0.160332258875,-0.224446168195,1.91880268258,-0.0397396884563,0.0713169835737,0.0,447.61771462170884,449.52770353061237,447.9662627997053,448.7534902388364
0.9000000000000005,-0.0507848203205,-0.0688595982448,10.9541960384,6.2299445282,0.0425040015665,0.0,-0.188834187149,-0.261329651213,2.04355812278,-0.0412841712807,0.0582140365131,0.0,448.8680133084003,447.8068006829756,449.2494329914789,449.12337369679955
0.9600000000000005,-0.0629528707024,-0.0855813535308,11.0785204772,6.22761318632,0.0455815553516,0.0,-0.217083765521,-0.296286708158,2.10045293981,-0.034395394229,0.031515935611,0.0,428.47410057751955,426.2001046516185,427.7886663123252,428.37400389557104
1.0200000000000005,-0.077118224291,-0.104746298447,11.2116481396,6.22587070648,0.0473586232301,0.0,-0.255299219089,-0.34275073674,2.33664874772,-0.020049764388,0.0255228745849,0.0,483.43361216390457,482.9820397435414,482.16151900163777,483.2438323368737
1.0800000000000005,-0.0933688803746,-0.126436792074,11.3537006252,6.22496078087,0.0488747977589,0.0,-0.286531274383,-0.380360536618,2.39828439041,-0.00684928780452,0.024758172854,0.0,431.265094848449,431.2006319982976,429.4443083820272,430.5626010011379
1.1400000000000006,-0.111518456127,-0.150393926136,11.4993525464,6.22458842305,0.050033819076,0.0,-0.318579784883,-0.418243296763,2.45663745376,-0.00494935235126,0.00527111303639,0.0,430.85281944074273,429.2021287541828,429.6477135577636,429.8088630040564
1.2000000000000006,-0.131702554641,-0.176739919407,11.6503520928,6.22441669281,0.0503838149669,0.0,-0.354247111299,-0.459968442232,2.5764034319,0.00101592215571,0.0069345558991,0.0,449.5674017508613,449.7020617286704,449.50534137820046,449.98853763131683
1.2600000000000007,-0.153869424142,-0.205400133495,11.8052644056,6.22417269945,0.0507676847841,0.0,-0.384685116284,-0.495380104719,2.58730441352,-0.0169097936259,0.00530213829416,0.0,414.9205232432867,414.77708436131314,416.1664359552544,414.5945079589325
1.3200000000000007,-0.1779920656,-0.236336145306,11.9632297395,6.22286348617,0.0511120088514,0.0,-0.419428103388,-0.535925991894,2.67797687945,-0.0341032905675,0.00659796918695,0.0,441.02508842752724,441.1320065874076,442.1144304031579,440.69550083316307
1.3800000000000008,-0.204342843839,-0.269896712536,12.1292744582,6.22037076463,0.0515627118566,0.0,-0.458959816392,-0.582986207153,2.85638190076,-0.06374614739,0.00927934952778,0.0,467.56464994260574,467.77338368917793,470.86951401869277,468.5696987198211
1.4400000000000008,-0.23277762179,-0.305978944995,12.300234335,6.21619226679,0.0522365136559,0.0,-0.488923552949,-0.620097616162,2.8422767161,-0.0852940349714,0.0148708091876,0.0,406.83673892149903,407.33697224985735,410.5033925726064,408.58241394608575
1.5000000000000009,-0.263241676085,-0.344646524057,12.4744855328,6.21126163493,0.0533691796086,0.0,-0.5266391683,-0.669331903005,2.96571754764,-0.076580028148,0.0258809614544,0.0,452.6967625174531,453.5817888598216,452.5864837323689,453.2819191535323
1.560000000000001,-0.295886992576,-0.386224664421,12.6541096719,6.20691879862,0.0548121537422,0.0,-0.561676593632,-0.717024128386,3.02154460205,-0.0650868151803,0.020109692164,0.0,432.79465106686234,432.30871164236805,431.9076670170632,432.87165997696263
1.620000000000001,-0.33068881634,-0.430784363643,12.83755764,6.20298163102,0.0556598558178,0.0,-0.598481576896,-0.768671961954,3.09313436795,-0.0667060671036,-0.00185397925283,0.0,438.2875358346547,436.45816929687936,438.6852479623175,438.5475184644737
1.680000000000001,-0.36784365739,-0.478713561068,13.0276514595,6.19922958263,0.0554369661355,0.0,-0.639976027595,-0.829362063968,3.24284665097,-0.0552815013016,-0.00772390013831,0.0,462.88854894733083,462.42645203296985,462.57281932959955,463.46892436114933
1.740000000000001,-0.407418292533,-0.530267402143,13.2255545947,6.19602679846,0.055111927279,0.0,-0.679124769235,-0.889415981786,3.35354696005,-0.0498256505044,-0.0011626921747,0.0,451.60349275205306,452.1325248425242,451.6580359342336,452.0960230921747
1.8000000000000012,-0.449340589417,-0.585496089151,13.4301408073,6.19342709067,0.0553194890704,0.0,-0.718279768812,-0.951805575332,3.46559873491,-0.0327634740776,0.0113907789974,0.0,452.4726252307385,453.4821167931959,452.5129567666558,453.8833307430735
1.8600000000000012,-0.493670239347,-0.644602175185,13.6423369279,6.1912190912,0.0556091958116,0.0,-0.759413700477,-1.01858988483,3.60710484949,-0.0464265271031,-0.0134317655139,0.0,463.5086967206475,461.5536785320077,463.8772881512508,462.80247998272023
1.9200000000000013,-0.540395318302,-0.707644499113,13.8616762892,6.18789891327,0.0552160703989,0.0,-0.798019111929,-1.08309741222,3.70383423696,-0.0865797892498,0.00452157170698,0.0,449.2582664870222,450.7117772175503,452.0514174513946,448.8013740770976
1.9800000000000013,-0.589640593878,-0.774995235614,14.0905165363,6.18262145906,0.0560785586432,0.0,-0.843527433601,-1.16248719821,3.92331601072,-0.0908641392326,0.0290623154607,0.0,487.2862189919359,489.11729746147927,487.55875138880106,487.2328500414136
2.0400000000000014,-0.64135588955,-0.846722304626,14.3274251551,6.17707366346,0.0574542608821,0.0,-0.880461975337,-1.22892282049,3.97334693654,-0.0958676861591,0.00637129675124,0.0,439.1336403996449,437.2472315544804,438.21538354051125,437.7918655910283
2.1000000000000014,-0.695337161698,-0.922595007175,14.5677858331,6.17096322677,0.0576432492135,0.0,-0.918934460182,-1.30071916703,4.03832286072,-0.117773120802,-0.00423026127538,0.0,443.97182737068,443.10101969789883,444.3605559326745,442.5517076714545
2.1600000000000015,-0.751773283951,-1.00318410178,14.8144988918,6.16379046862,0.0570584318753,0.0,-0.962202037755,-1.38630234459,4.18475179935,-0.123346959105,-0.0240557774909,0.0,470.53984503775587,469.0025287429176,469.25971229917536,468.8147296022878
2.2200000000000015,-0.810966375623,-1.08944186834,15.0730428064,6.15588046218,0.0563232121092,0.0,-1.01072563485,-1.48977891342,4.43223652597,-0.159935285667,0.00453710052657,0.0,499.0002731736647,501.08341616975935,501.69440240439667,499.0156975197903
2.2800000000000016,-0.8726907194,-1.18127178569,15.339880285,6.14694543046,0.0574129048103,0.0,-1.04682060578,-1.57204651007,4.46202078001,-0.132965141298,0.036757960753,0.0,435.3463633177243,438.0344022890753,436.09646796798086,438.32188753800114
2.3400000000000016,-0.936664753279,-1.2783322856,15.6094255585,6.13903375199,0.0604233626373,0.0,-1.08589500226,-1.6640339813,4.52235051093,-0.129742511038,0.0685677939348,0.0,446.1463337199705,448.737733117275,447.2986864706832,447.54523177735996
2.4000000000000017,-1.00295484631,-1.38084389136,15.881032958,6.13144811458,0.0646393506812,0.0,-1.12414364441,-1.7536941469,4.53095579274,-0.120513090167,0.0734624262833,0.0,432.58095773897725,432.99688838724495,430.4287518969877,431.1940546822095
2.4600000000000017,-1.0717917639,-1.4892744757,16.1557327916,6.12400117963,0.0697599077823,0.0,-1.17088509985,-1.86133736255,4.62503169179,-0.132512288372,0.10220580009,0.0,458.94220880771456,461.2236427537074,459.63533933947446,458.6697229331066
2.520000000000002,-1.14324569157,-1.60364577292,16.4318673773,6.1156941319,0.0761332500312,0.0,-1.21143078032,-1.95171803623,4.57936088242,-0.154248082864,0.113235447927,0.0,414.8626463823721,415.8407933371053,417.0733150360486,415.1506064782242
2.580000000000002,-1.2175136822,-1.7241770889,16.7087079954,6.1060926223,0.0827981418859,0.0,-1.26480169611,-2.06684417825,4.64798265117,-0.17522876451,0.106386930541,0.0,454.0126310365036,453.47338087129157,454.0474073748199,452.3365831926994
2.640000000000002,-1.29507960961,-1.85173418191,16.9891848266,6.09585429959,0.0888625267234,0.0,-1.32130316168,-2.18598470297,4.70058924042,-0.162765043944,0.0874749051095,0.0,450.90523205582605,449.38313736221494,449.1396099322261,450.1217785516042
2.700000000000002,-1.37618524286,-1.98670584743,17.2731237381,6.08612027238,0.0949528179844,0.0,-1.38274753354,-2.31394106955,4.76331767087,-0.161193276605,0.120473364095,0.0,452.98074323144886,455.63514622174887,454.6132120236619,454.714747907649
2.760000000000002,-1.46107135641,-2.12947674263,17.5604174552,6.07683956941,0.102382479567,0.0,-1.4474585417,-2.44591383886,4.81242920356,-0.144098571999,0.129804498859,0.0,452.1751693106479,452.9399112600739,450.2731274696092,451.63169916720915
2.820000000000002,-1.5501327459,-2.2806307313,17.8519614272,6.0688132461,0.109981606911,0.0,-1.52198338016,-2.59327230998,4.90475516642,-0.118569202194,0.119463300757,0.0,467.70763563030243,466.91511929143184,465.31289095276753,467.29141665502226
2.880000000000002,-1.64402874151,-2.44118338524,18.1507809186,6.06183114416,0.117351379426,0.0,-1.60859411699,-2.75907101528,5.05463583235,-0.112298318684,0.128825413592,0.0,485.50691725244457,486.2211321594198,486.23448392699106,486.6932561279517
2.940000000000002,-1.74268566251,-2.61071921019,18.4535714755,6.05615529444,0.12546152754,0.0,-1.68064623431,-2.89263854875,5.03797496163,-0.0724495542563,0.145521321175,0.0,436.34010151627444,437.7489506869745,434.40785661287583,437.728484021793
3.000000000000002,-1.84563765886,-2.78805781684,18.7539740717,6.05176398137,0.135001535818,0.0,-1.75183787429,-3.01904942476,4.97528150139,-0.0747082111297,0.17744001647,0.0,420.41963460508225,423.20124847474835,422.0775925367236,421.87810315786703
3.0600000000000023,-1.95369697406,-2.97418864327,19.0553387915,6.04703593244,0.14538684944,0.0,-1.85112985392,-3.1856346968,5.0691392548,-0.0885851255848,0.162553110598,0.0,474.18586138389014,473.0672926785129,473.3303907130709,472.2564092138252
3.1200000000000023,-2.06720084888,-3.16926652702,19.3574883054,6.04217541908,0.155044144457,0.0,-1.9331186051,-3.31741313583,5.00228405185,-0.0690454332914,0.15755481849,0.0,423.7479285448941,423.34397125947334,422.12769934288616,423.80499693149534
3.1800000000000024,-2.18590065958,-3.37251681919,19.6563113719,6.03852089362,0.164640086316,0.0,-2.02433034923,-3.45794862909,4.95813756613,-0.0482467049554,0.164302077402,0.0,431.54953613121836,432.1438690917351,430.353886729017,432.10821771598813
3.2400000000000024,-2.31086228765,-3.58517089562,19.9560379197,6.03541131944,0.174469504964,0.0,-2.14194111132,-3.63069849465,5.03173210986,-0.0601663601458,0.162850539513,0.0,471.02833911553347,470.9399803059828,470.6453988218596,469.7201588260146
3.3000000000000025,-2.4430546551,-3.80822613675,20.2599555352,6.03200662732,0.184044449233,0.0,-2.26532292586,-3.80470085915,5.09781549037,-0.0506579095157,0.152090870481,0.0,470.5239132733305,469.712615986374,470.3391264457631,471.07306710894494
3.3600000000000025,-2.58301115249,-4.04202118594,20.5686297077,6.02858306589,0.19292093286,0.0,-2.40067836619,-3.98863476922,5.19010397428,-0.0746538630003,0.137999026433,0.0,479.8563953410419,478.8039221288402,482.96777966386605,481.15203746229446
3.4200000000000026,-2.73104987312,-4.28665096395,20.881654886,6.02356679093,0.201035859135,0.0,-2.53462614762,-4.16601819989,5.24299152341,-0.1151610202,0.129094000017,0.0,471.7353304603119,471.06275014283926,472.273125506298,469.13158851779065
3.4800000000000026,-2.88662536693,-4.54120931388,21.1946493431,6.01706059855,0.208682764793,0.0,-2.65184383468,-4.31982268948,5.18961946564,-0.0975751162475,0.123939455871,0.0,438.9810280914328,438.5680302845059,438.18374268969046,439.6329012819372
3.5400000000000027,-3.04918475599,-4.80489095509,21.5035511773,6.01099845795,0.215941449661,0.0,-2.76739966721,-4.47010092977,5.10674571677,-0.109047354158,0.114284920968,0.0,429.4458030860011,428.63962727914526,431.3392071643998,430.35975936788736
3.6000000000000028,-3.21977044429,-5.07889450526,21.8116599405,6.00443175966,0.222696929635,0.0,-2.9193023976,-4.66382785877,5.16225894921,-0.110251586878,0.108972148385,0.0,477.21551198285556,476.8200184504106,475.9105791877622,475.80867422163703
3.660000000000003,-3.39910409191,-5.36405097478,22.1208669184,5.99842280985,0.229287419291,0.0,-3.05899300119,-4.84189328341,5.14378316418,-0.0851913610121,0.111524399159,0.0,455.27579327757553,455.490333927832,454.44051329411525,456.43659604036486
3.720000000000003,-3.586891162,-5.65994809998,22.4286651951,5.9938396465,0.235601771561,0.0,-3.20108627437,-5.02175352655,5.11537760483,-0.0629183746192,0.088115149286,0.0,455.0938518385709,453.22494633712415,452.92580900898497,454.7093460939471
3.780000000000003,-3.78404357662,-5.96759775805,22.7375647955,5.98975499318,0.240763390475,0.0,-3.37099521066,-5.23347049002,5.17992266847,-0.0811637773569,0.0814875460258,0.0,485.71322583787065,485.22120954391795,486.1670061596488,484.79450834706626
3.840000000000003,-3.99122029068,-6.28772890106,23.0491497632,5.98502707527,0.245604517347,0.0,-3.53521102682,-5.43792027603,5.20505639394,-0.0744470086011,0.0790320204582,0.0,476.80538790998634,476.6224702133949,474.99285993641195,475.50327493701064
3.900000000000003,-4.20769842142,-6.61947520228,23.359663331,5.9808799271,0.251614239184,0.0,-3.68116631021,-5.6207121367,5.14473401235,-0.0601675836764,0.124881289176,0.0,449.3576130397704,453.06766697972506,449.3858551356594,450.5385335578935
3.960000000000003,-4.43288756595,-6.96209846842,23.6658709689,5.97710294829,0.258914966608,0.0,-3.82572892651,-5.80046778726,5.06160493139,-0.0691891994368,0.114357872368,0.0,444.85941022354405,444.00995260892626,444.75214735755765,444.0095105139114
4.020000000000002,-4.66729460521,-7.3160779888,23.9685040812,5.97280352108,0.265677220316,0.0,-3.9883443028,-5.9992220233,5.02520306697,-0.0771133600652,0.109176341042,0.0,461.17368536879087,460.7748912316141,462.39203903854013,461.7634222653587
4.080000000000001,-4.91234398929,-7.68294087374,24.2714910426,5.96793765072,0.272060763696,0.0,-4.18035854578,-6.22982008565,5.07273120832,-0.0905702449348,0.100150728835,0.0,490.2514849499528,489.5889628889186,491.9309166373714,490.9284784038406
4.14,-5.16786864571,-8.06245794959,24.5731981023,5.96245328821,0.277785327816,0.0,-4.33758837485,-6.42128028489,4.98343044424,-0.0931310549524,0.083672101862,0.0,449.0864714876706,447.75497951190323,450.71301089287437,450.49903743150696
4.199999999999998,-5.43319805154,-8.45388494548,24.8703355606,5.95674138576,0.282860843009,0.0,-4.50708541267,-6.62679938135,4.92018256322,-0.0996879995497,0.0863697304409,0.0,459.8628974854885,460.0821904416537,460.4050828854734,459.87846160231913
4.259999999999997,-5.70951112458,-8.85856559431,25.1658826473,5.95028701662,0.287844713349,0.0,-4.70360234672,-6.86298270685,4.92978315327,-0.132051879275,0.0754683530579,0.0,486.6543180027246,485.84235134152004,487.19738316656895,484.7611247049732
4.319999999999996,-5.99571007149,-9.27535811239,25.455468683,5.94222021733,0.292604683529,0.0,-4.83685939093,-7.03093153367,4.72294635228,-0.139720605917,0.0861131741834,0.0,415.21060883866215,416.14925299094017,415.0979853761077,414.4060715791262
4.379999999999995,-6.28991592202,-9.70229602704,25.7323261843,5.93392281344,0.29788421854,0.0,-4.97053315247,-7.20118820431,4.50546846072,-0.135575339717,0.0915055877661,0.0,411.7763039589328,412.26030738768253,411.1691939961654,411.5169896806317
4.439999999999993,-6.59247225274,-10.1398695949,25.9967714426,5.92571024626,0.302989104273,0.0,-5.115181207,-7.38542396766,4.30897202235,-0.139610312434,0.0674021503844,0.0,421.6202493723109,419.5380458578178,419.83624740484856,419.46731754689915
4.499999999999992,-6.90558335576,-10.59066161,26.2546585147,5.91707660203,0.307397481477,0.0,-5.32200723216,-7.64158535447,4.28548979558,-0.154231488346,0.0834599122903,0.0,479.7690549392111,480.99073888620006,483.4332080354303,482.31220599304885
4.559999999999991,-7.22992530402,-11.0555790403,26.5072148307,5.9081124036,0.31216496054,0.0,-5.48977409326,-7.85646858287,4.13211774871,-0.141177765471,0.0699353520137,0.0,441.9062605986177,440.7946746139883,440.5699747295131,441.6270331476109
4.6199999999999894,-7.56417851486,-11.5332911594,26.7497213272,5.8997793334,0.316239739946,0.0,-5.65238924278,-8.0681085367,3.95069647969,-0.134657273998,0.0635283765906,0.0,432.95418763864035,432.41819702830776,433.57561969380146,434.10485266087886
4.679999999999988,-7.90773033119,-12.0232586045,26.9796775446,5.89145678133,0.319847682332,0.0,-5.79980620937,-8.26508194066,3.71414460378,-0.148369369108,0.0522914492366,0.0,415.042675587354,414.05771219444455,414.72597959550035,413.4997944119189
4.739999999999987,-8.26045847952,-12.5255146968,27.1960261774,5.8829391444,0.323242591102,0.0,-5.95819348488,-8.47772569588,3.49685532321,-0.13152174738,0.0640141518149,0.0,422.5680633418787,423.58009375522295,421.80614509428943,423.2389821775683
4.799999999999986,-8.6246384503,-13.0428902337,27.4043235635,5.87454075433,0.326877492611,0.0,-6.18122343047,-8.76872843063,3.44440314581,-0.167837995982,0.052642460633,0.0,483.02819767075204,482.17185769383843,485.05156674324155,482.298153576557
4.859999999999984,-9.00272427573,-13.5784595994,27.6104453534,5.86432777108,0.329908472758,0.0,-6.42153564867,-9.08421642841,3.42380866692,-0.175448661004,0.0458851395626,0.0,499.09515093327826,498.6028735187199,498.05247906145905,497.4709266741505
4.919999999999983,-9.39267932135,-14.1300797537,27.808097136,5.85354180044,0.332349933687,0.0,-6.5773555914,-9.30420186454,3.16389512163,-0.190199500659,0.0274844697988,0.0,419.9942268685747,418.39554825385386,419.680121586354,418.3636452073004
4.979999999999982,-9.79184793975,-14.6948665743,27.9894552709,5.84225432936,0.333927185578,0.0,-6.72864789086,-9.52318457913,2.88075205228,-0.184273483746,0.0237796312667,0.0,411.9942568933316,411.66662458733504,411.6844002877387,412.1711569278848
5.0399999999999805,-10.2021392435,-15.2754578735,28.1588150918,5.83087046199,0.335471703645,0.0,-6.94765618582,-9.83070459116,2.762456542,-0.203804292164,0.0294026638596,0.0,474.3360433491249,474.7678916419382,476.2308257460229,474.7011495180397
